+------------------------------------------------------------------------------------------------------------------------------------------------------------------------------------------------------------------------------+
; Legal Partition Candidates                                                                                                                                                                                                   ;
+-------------------------+-------+----------------+--------------+----------------+--------+-----------------+---------------+-----------------+-------+----------------+--------------+------------------+-------------------+
; Hierarchy               ; Input ; Constant Input ; Unused Input ; Floating Input ; Output ; Constant Output ; Unused Output ; Floating Output ; Bidir ; Constant Bidir ; Unused Bidir ; Input only Bidir ; Output only Bidir ;
+-------------------------+-------+----------------+--------------+----------------+--------+-----------------+---------------+-----------------+-------+----------------+--------------+------------------+-------------------+
; controller|eo23         ; 3     ; 29             ; 0            ; 29             ; 30     ; 29              ; 29            ; 29              ; 0     ; 0              ; 0            ; 0                ; 0                 ;
; controller|eo22         ; 3     ; 29             ; 0            ; 29             ; 30     ; 29              ; 29            ; 29              ; 0     ; 0              ; 0            ; 0                ; 0                 ;
; controller|eo21         ; 3     ; 29             ; 0            ; 29             ; 30     ; 29              ; 29            ; 29              ; 0     ; 0              ; 0            ; 0                ; 0                 ;
; controller|eo20         ; 3     ; 29             ; 0            ; 29             ; 30     ; 29              ; 29            ; 29              ; 0     ; 0              ; 0            ; 0                ; 0                 ;
; controller|eo19         ; 3     ; 29             ; 0            ; 29             ; 30     ; 29              ; 29            ; 29              ; 0     ; 0              ; 0            ; 0                ; 0                 ;
; controller|eo18         ; 3     ; 29             ; 0            ; 29             ; 30     ; 29              ; 29            ; 29              ; 0     ; 0              ; 0            ; 0                ; 0                 ;
; controller|eo17         ; 3     ; 29             ; 0            ; 29             ; 30     ; 29              ; 29            ; 29              ; 0     ; 0              ; 0            ; 0                ; 0                 ;
; controller|eo16         ; 3     ; 29             ; 0            ; 29             ; 30     ; 29              ; 29            ; 29              ; 0     ; 0              ; 0            ; 0                ; 0                 ;
; controller|eo15         ; 3     ; 29             ; 0            ; 29             ; 30     ; 29              ; 29            ; 29              ; 0     ; 0              ; 0            ; 0                ; 0                 ;
; controller|eo14         ; 3     ; 29             ; 0            ; 29             ; 30     ; 29              ; 29            ; 29              ; 0     ; 0              ; 0            ; 0                ; 0                 ;
; controller|eo13         ; 3     ; 29             ; 0            ; 29             ; 30     ; 29              ; 29            ; 29              ; 0     ; 0              ; 0            ; 0                ; 0                 ;
; controller|eo12         ; 3     ; 29             ; 0            ; 29             ; 30     ; 29              ; 29            ; 29              ; 0     ; 0              ; 0            ; 0                ; 0                 ;
; controller|eo11         ; 3     ; 29             ; 0            ; 29             ; 30     ; 29              ; 29            ; 29              ; 0     ; 0              ; 0            ; 0                ; 0                 ;
; controller|eo10         ; 3     ; 29             ; 0            ; 29             ; 30     ; 29              ; 29            ; 29              ; 0     ; 0              ; 0            ; 0                ; 0                 ;
; controller|eo9          ; 3     ; 29             ; 0            ; 29             ; 30     ; 29              ; 29            ; 29              ; 0     ; 0              ; 0            ; 0                ; 0                 ;
; controller|eo8          ; 3     ; 29             ; 0            ; 29             ; 30     ; 29              ; 29            ; 29              ; 0     ; 0              ; 0            ; 0                ; 0                 ;
; controller|eo7          ; 3     ; 29             ; 0            ; 29             ; 30     ; 29              ; 29            ; 29              ; 0     ; 0              ; 0            ; 0                ; 0                 ;
; controller|eo6          ; 3     ; 29             ; 0            ; 29             ; 30     ; 29              ; 29            ; 29              ; 0     ; 0              ; 0            ; 0                ; 0                 ;
; controller|eo5          ; 3     ; 29             ; 0            ; 29             ; 30     ; 29              ; 29            ; 29              ; 0     ; 0              ; 0            ; 0                ; 0                 ;
; controller|eo4          ; 3     ; 29             ; 0            ; 29             ; 30     ; 29              ; 29            ; 29              ; 0     ; 0              ; 0            ; 0                ; 0                 ;
; controller|eo3          ; 3     ; 29             ; 0            ; 29             ; 30     ; 29              ; 29            ; 29              ; 0     ; 0              ; 0            ; 0                ; 0                 ;
; controller|eo2          ; 3     ; 29             ; 0            ; 29             ; 30     ; 29              ; 29            ; 29              ; 0     ; 0              ; 0            ; 0                ; 0                 ;
; controller|eo1          ; 3     ; 29             ; 0            ; 29             ; 30     ; 29              ; 29            ; 29              ; 0     ; 0              ; 0            ; 0                ; 0                 ;
; controller|o34          ; 3     ; 29             ; 0            ; 29             ; 30     ; 29              ; 29            ; 29              ; 0     ; 0              ; 0            ; 0                ; 0                 ;
; controller|o33          ; 3     ; 29             ; 0            ; 29             ; 30     ; 29              ; 29            ; 29              ; 0     ; 0              ; 0            ; 0                ; 0                 ;
; controller|o32          ; 3     ; 29             ; 0            ; 29             ; 30     ; 29              ; 29            ; 29              ; 0     ; 0              ; 0            ; 0                ; 0                 ;
; controller|ost2         ; 3     ; 29             ; 0            ; 29             ; 30     ; 29              ; 29            ; 29              ; 0     ; 0              ; 0            ; 0                ; 0                 ;
; controller|o31          ; 3     ; 29             ; 0            ; 29             ; 30     ; 29              ; 29            ; 29              ; 0     ; 0              ; 0            ; 0                ; 0                 ;
; controller|o30          ; 3     ; 29             ; 0            ; 29             ; 30     ; 29              ; 29            ; 29              ; 0     ; 0              ; 0            ; 0                ; 0                 ;
; controller|o29          ; 3     ; 29             ; 0            ; 29             ; 30     ; 29              ; 29            ; 29              ; 0     ; 0              ; 0            ; 0                ; 0                 ;
; controller|ost1         ; 3     ; 29             ; 0            ; 29             ; 30     ; 29              ; 29            ; 29              ; 0     ; 0              ; 0            ; 0                ; 0                 ;
; controller|o28          ; 3     ; 29             ; 0            ; 29             ; 30     ; 29              ; 29            ; 29              ; 0     ; 0              ; 0            ; 0                ; 0                 ;
; controller|o27          ; 3     ; 29             ; 0            ; 29             ; 30     ; 29              ; 29            ; 29              ; 0     ; 0              ; 0            ; 0                ; 0                 ;
; controller|o26          ; 3     ; 29             ; 0            ; 29             ; 30     ; 29              ; 29            ; 29              ; 0     ; 0              ; 0            ; 0                ; 0                 ;
; controller|o25          ; 3     ; 29             ; 0            ; 29             ; 30     ; 29              ; 29            ; 29              ; 0     ; 0              ; 0            ; 0                ; 0                 ;
; controller|o24          ; 3     ; 29             ; 0            ; 29             ; 30     ; 29              ; 29            ; 29              ; 0     ; 0              ; 0            ; 0                ; 0                 ;
; controller|o23          ; 3     ; 29             ; 0            ; 29             ; 30     ; 29              ; 29            ; 29              ; 0     ; 0              ; 0            ; 0                ; 0                 ;
; controller|o22          ; 3     ; 29             ; 0            ; 29             ; 30     ; 29              ; 29            ; 29              ; 0     ; 0              ; 0            ; 0                ; 0                 ;
; controller|o21          ; 3     ; 29             ; 0            ; 29             ; 30     ; 29              ; 29            ; 29              ; 0     ; 0              ; 0            ; 0                ; 0                 ;
; controller|o20          ; 3     ; 29             ; 0            ; 29             ; 30     ; 29              ; 29            ; 29              ; 0     ; 0              ; 0            ; 0                ; 0                 ;
; controller|o19          ; 3     ; 29             ; 0            ; 29             ; 30     ; 29              ; 29            ; 29              ; 0     ; 0              ; 0            ; 0                ; 0                 ;
; controller|o18          ; 3     ; 29             ; 0            ; 29             ; 30     ; 29              ; 29            ; 29              ; 0     ; 0              ; 0            ; 0                ; 0                 ;
; controller|o17          ; 3     ; 29             ; 0            ; 29             ; 30     ; 29              ; 29            ; 29              ; 0     ; 0              ; 0            ; 0                ; 0                 ;
; controller|o16          ; 3     ; 29             ; 0            ; 29             ; 30     ; 29              ; 29            ; 29              ; 0     ; 0              ; 0            ; 0                ; 0                 ;
; controller|o15          ; 3     ; 29             ; 0            ; 29             ; 30     ; 29              ; 29            ; 29              ; 0     ; 0              ; 0            ; 0                ; 0                 ;
; controller|o14          ; 3     ; 29             ; 0            ; 29             ; 30     ; 29              ; 29            ; 29              ; 0     ; 0              ; 0            ; 0                ; 0                 ;
; controller|o13          ; 3     ; 29             ; 0            ; 29             ; 30     ; 29              ; 29            ; 29              ; 0     ; 0              ; 0            ; 0                ; 0                 ;
; controller|o12          ; 3     ; 29             ; 0            ; 29             ; 30     ; 29              ; 29            ; 29              ; 0     ; 0              ; 0            ; 0                ; 0                 ;
; controller|o11          ; 3     ; 29             ; 0            ; 29             ; 30     ; 29              ; 29            ; 29              ; 0     ; 0              ; 0            ; 0                ; 0                 ;
; controller|o10          ; 3     ; 29             ; 0            ; 29             ; 30     ; 29              ; 29            ; 29              ; 0     ; 0              ; 0            ; 0                ; 0                 ;
; controller|o9           ; 3     ; 29             ; 0            ; 29             ; 30     ; 29              ; 29            ; 29              ; 0     ; 0              ; 0            ; 0                ; 0                 ;
; controller|o8           ; 3     ; 29             ; 0            ; 29             ; 30     ; 29              ; 29            ; 29              ; 0     ; 0              ; 0            ; 0                ; 0                 ;
; controller|o7           ; 3     ; 29             ; 0            ; 29             ; 30     ; 29              ; 29            ; 29              ; 0     ; 0              ; 0            ; 0                ; 0                 ;
; controller|o6           ; 3     ; 29             ; 0            ; 29             ; 30     ; 29              ; 29            ; 29              ; 0     ; 0              ; 0            ; 0                ; 0                 ;
; controller|o5           ; 3     ; 29             ; 0            ; 29             ; 30     ; 29              ; 29            ; 29              ; 0     ; 0              ; 0            ; 0                ; 0                 ;
; controller|o4           ; 3     ; 29             ; 0            ; 29             ; 30     ; 29              ; 29            ; 29              ; 0     ; 0              ; 0            ; 0                ; 0                 ;
; controller|o3           ; 3     ; 29             ; 0            ; 29             ; 30     ; 29              ; 29            ; 29              ; 0     ; 0              ; 0            ; 0                ; 0                 ;
; controller|o2           ; 3     ; 29             ; 0            ; 29             ; 30     ; 29              ; 29            ; 29              ; 0     ; 0              ; 0            ; 0                ; 0                 ;
; controller|o1           ; 3     ; 29             ; 0            ; 29             ; 30     ; 29              ; 29            ; 29              ; 0     ; 0              ; 0            ; 0                ; 0                 ;
; controller|fo2          ; 3     ; 29             ; 0            ; 29             ; 30     ; 29              ; 29            ; 29              ; 0     ; 0              ; 0            ; 0                ; 0                 ;
; controller|fo1          ; 3     ; 29             ; 0            ; 29             ; 30     ; 29              ; 29            ; 29              ; 0     ; 0              ; 0            ; 0                ; 0                 ;
; controller              ; 5     ; 64             ; 0            ; 64             ; 78     ; 64              ; 64            ; 64              ; 0     ; 0              ; 0            ; 0                ; 0                 ;
; pi|audio_interface_inst ; 39    ; 0              ; 1            ; 0              ; 39     ; 0               ; 0             ; 0               ; 0     ; 0              ; 0            ; 0                ; 0                 ;
; pi                      ; 23    ; 0              ; 1            ; 0              ; 36     ; 0               ; 0             ; 0               ; 0     ; 0              ; 0            ; 0                ; 0                 ;
+-------------------------+-------+----------------+--------------+----------------+--------+-----------------+---------------+-----------------+-------+----------------+--------------+------------------+-------------------+
